                                                                                                                                                                                   
                                                                                                                                                                                   
                                                                                                                                                                                   
                                                                                                                                                                                   
                                                                                                                                                                                   
                                                                                                                                               77777788888888889                   
                                                                                                                                               7               9                   
                                                                                                                                               7               99999999            
                                                                                                                                               7       9999999        00000        
                                                                                                                                               7      99     00000        0        
                                                                                                                                               6      9          00000    0        
                                                                                                                                               6      8  88888       1111 0        
                                                                                                                                               6     88 88   888        1 00       
                                                                                                                                               6     8  7      99999999 1  1       
                                                                                                                                               6    88 77 44555       9 1  1       
                                                                                                                                               6   88  7 44   5       9 1  1       
                                                                                                                     333444444444455555555556666  88  77 4    555555  0 1  1       
                                                                                                                     3                           77  77  4         6  0 1  1       
                                                                                                                     3                          77 677  44         6  0 2  1f      
                                                                                                                     3                          7  6  344          6  0 2 f1f      
S                                                                                                                    3                          7  6  3   E88      6  0 2 f1f      
0                                                                                                                    3                          7  6  3     8      6  0 2 f1f      
0                                                                                                                    3                          7  6  3    78      6  0 2 f1f      
0                                                                                                                    3                          7  66 333  7       6  0 2  2f      
0                                                                                                                    2                          7   66  33 7  777666  0 2  2ff     
0                                                                                                                    2                          666  655 3 7777       0 2  2ff     
#0001111111111222222222233333333334444444                                                                         2222                            6    5 2            1 2  2ff     
                                        444555555555566666666667777777777888888888                                2                               666  5 22    11111111 2  2ff     
                                                                                 8999999999900000000001111111111222                                 6  5  2   21        3  2ff     
                                                                                                                                                    66 55 22222 333333333  2       
                                                                                                                                                     55 5      44          2       
                                                                                                                                                      5 55    44     3333322       
                                                                                                                                                      5  444444  33333             
                                                                                                                                                      55         4                 
                                                                                                                                                       5      4444                 
                                                                                                                                                       55544444                    
                                                                                                                                                                                   
                                                                                                                                                                                   
                                                                                                                                                                                   
                                                                                                                                                                                   
                                                                                                                                                                                   